HI SHAPE-FIRST GRID v2  (l_init=1, thr=0.2 fixed;  3 seeds; test curves)
pass rule: start<=0.35 & s1<s2<s3 & end>=0.90 & NO END-FLATTENING (d10>=d9, last two deciles)
residuals ready (0s)

 mono  conv |  RMSE score | start    s1    s2    s3    d9   d10   end | verdict
-------------------------------------------------------------------------------
  0.5  0.25 |  7.93  22.4 |  0.23  0.23  0.75  1.43  1.52  0.91  0.99 | fail(END-FLAT)
  0.5   0.5 |  7.92  22.2 |  0.23  0.21  0.68  1.50  1.62  1.08  0.99 | fail(END-FLAT)
  0.5     1 |  7.94  22.2 |  0.23  0.19  0.62  1.56  1.70  1.29  0.98 | fail(END-FLAT)
  0.5     2 |  8.00  22.9 |  0.24  0.16  0.54  1.59  1.72  1.54  0.97 | fail(END-FLAT)
  0.5     4 |  8.26  25.4 |  0.25  0.14  0.46  1.55  1.67  1.70  0.95 | PASS
    1  0.25 |  7.93  22.2 |  0.23  0.21  0.69  1.50  1.62  1.07  0.99 | fail(END-FLAT)
    1   0.5 |  7.93  22.0 |  0.23  0.20  0.65  1.54  1.67  1.20  0.99 | fail(END-FLAT)
    1     1 |  7.96  22.3 |  0.23  0.18  0.59  1.58  1.72  1.37  0.98 | fail(END-FLAT)
    1     2 |  8.01  23.0 |  0.24  0.16  0.53  1.59  1.72  1.57  0.97 | fail(END-FLAT)
    1     4 |  8.31  25.8 |  0.25  0.14  0.46  1.55  1.67  1.71  0.94 | PASS
    2  0.25 |  7.94  22.0 |  0.23  0.19  0.63  1.57  1.71  1.28  0.99 | fail(END-FLAT)
    2   0.5 |  7.95  22.2 |  0.23  0.18  0.60  1.58  1.73  1.36  0.98 | fail(END-FLAT)
    2     1 |  7.98  22.6 |  0.23  0.17  0.56  1.60  1.74  1.49  0.98 | fail(END-FLAT)
    2     2 |  8.04  23.4 |  0.24  0.15  0.51  1.59  1.72  1.63  0.96 | fail(END-FLAT)
    2     4 |  8.39  26.4 |  0.26  0.13  0.45  1.54  1.66  1.73  0.94 | PASS
    4  0.25 |  7.98  22.5 |  0.23  0.17  0.55  1.61  1.76  1.53  0.98 | fail(END-FLAT)
    4   0.5 |  7.98  22.7 |  0.23  0.16  0.54  1.61  1.75  1.57  0.97 | fail(END-FLAT)
    4     1 |  8.01  23.1 |  0.24  0.15  0.52  1.61  1.74  1.63  0.97 | fail(END-FLAT)
    4     2 |  8.13  24.3 |  0.25  0.14  0.48  1.59  1.71  1.70  0.96 | fail(END-FLAT)
    4     4 |  8.57  27.8 |  0.26  0.13  0.43  1.53  1.64  1.75  0.94 | PASS
    6  0.25 |  8.00  23.1 |  0.24  0.15  0.51  1.62  1.75  1.65  0.97 | fail(END-FLAT)
    6   0.5 |  8.02  23.3 |  0.24  0.15  0.50  1.61  1.75  1.67  0.96 | fail(END-FLAT)
    6     1 |  8.08  23.9 |  0.24  0.14  0.49  1.60  1.73  1.70  0.96 | fail(END-FLAT)
    6     2 |  8.25  25.3 |  0.25  0.14  0.46  1.58  1.70  1.75  0.95 | PASS
    6     4 |  8.80  29.5 |  0.27  0.12  0.42  1.51  1.62  1.77  0.93 | PASS
    8  0.25 |  8.07  23.9 |  0.24  0.14  0.49  1.61  1.75  1.72  0.96 | fail(END-FLAT)
    8   0.5 |  8.10  24.2 |  0.24  0.14  0.48  1.61  1.74  1.73  0.96 | fail(END-FLAT)
    8     1 |  8.19  24.9 |  0.25  0.14  0.47  1.60  1.72  1.75  0.95 | PASS
    8     2 |  8.41  26.6 |  0.25  0.13  0.44  1.57  1.68  1.78  0.94 | PASS
    8     4 |  9.04  31.4 |  0.27  0.12  0.40  1.50  1.60  1.78  0.92 | PASS

======================================================================
TOP among SHAPE-PASSING configs (no end-flattening), sorted by score:
  mono=8 conv=1: RMSE 8.19  score 24.9  d9->d10 1.72->1.75  start=0.25
  mono=6 conv=2: RMSE 8.25  score 25.3  d9->d10 1.70->1.75  start=0.25
  mono=0.5 conv=4: RMSE 8.26  score 25.4  d9->d10 1.67->1.70  start=0.25
  mono=1 conv=4: RMSE 8.31  score 25.8  d9->d10 1.67->1.71  start=0.25
  mono=2 conv=4: RMSE 8.39  score 26.4  d9->d10 1.66->1.73  start=0.26
  mono=8 conv=2: RMSE 8.41  score 26.6  d9->d10 1.68->1.78  start=0.25
wall time = 262s
